[[0.7649880095923262, 0.2765957446808511, 0.9071207430340558], [0.7170263788968825, 0.09574468085106383, 0.8978328173374613]]
['./save/f1/1_0.765_0.2766_0.9071.pth', './save/f1/0_0.717_0.0957_0.8978.pth']
[[0.7146118721461188, 0.9032258064516129, 0.663768115942029], [0.7511415525114156, 0.3870967741935484, 0.8492753623188406]]
['./save/f2/1_0.7146_0.9032_0.6638.pth', './save/f2/0_0.7511_0.3871_0.8493.pth']
[[0.6085011185682326, 0.18888888888888888, 0.7142857142857143], [0.6756152125279642, 0.2111111111111111, 0.7927170868347339]]
['./save/f3/1_0.6085_0.1889_0.7143.pth', './save/f3/0_0.6756_0.2111_0.7927.pth']
[[0.6716791979949874, 0.6292134831460674, 0.6838709677419355], [0.7142857142857143, 0.6853932584269663, 0.7225806451612903]]
['./save/f4/0_0.6717_0.6292_0.6839.pth', './save/f4/1_0.7143_0.6854_0.7226.pth']
[[0.36363636363636365, 0.8701298701298701, 0.25935828877005346], [0.647450110864745, 0.8961038961038961, 0.5962566844919787]]
['./save/f5/0_0.3636_0.8701_0.2594.pth', './save/f5/1_0.6475_0.8961_0.5963.pth']
